#Fire hydrant    
position: 
      x: 3.146492800643083
      y: 1.6003158042611452
      z: -0.00101382648420518
    orientation: 
      x: -7.871321156630437e-05
      y: 3.527935610659611e-05
      z: 0.8812152527693423
      w: 0.47271521114330695

